#
#Order 1
22
24
25
27
29
31
33
46
47
54
55
58
62
63
65
66
70
72
73
74
80
87
95
97
98

#
#Order 2
12
20
24
25
27
29
33
35
37
38
42
54
55
60
70
76
77
78
97
99

#
#Order 3
21
23
24
25
39
40
44
50
51
59
63
64
67
69
74
75
80
81
85
90
93
95
96
98

#
#Order 4
0
8
17
20
25
30
31
36
37
41
45
50
51
52
54
56
60
64
65
73
80
87
90
92
93
96
97
98

#
#Order 5
20
21
25
29
36
50
60
65
72
73
74
76
79
84
87
90
92
93
95
99

#
#Order 6
3
20
30
32
33
38
47
48
57
58
61
63
66
72
76
79
80
86
89
94
95

#
#Order 7
8
21
39
42
48
50
52
60
63
69
72
76
77
79
81
82
83
85
88
91
94
97
98

#
#Order 8
5
15
20
23
24
39
41
42
55
66
67
72
75
79
81
84
90
91
92
93
95
96
97
98

#
#Order 9
13
23
32
44
50
51
58
75
78
91
92
94
95
99

#
#Order 10
20
25
33
35
41
43
47
49
52
53
60
64
76
79
84
90
94
95
97
99

#
#Order 11
15
19
27
29
36
37
46
47
49
51
52
56
70
76
77
81
93
94
95
96
97

#
#Order 12
0
16
36
42
55
60
62
68
75
77
85
86
90
95
97

#
#Order 13
10
25
37
40
44
46
76
79
90
95
96
97
98

#
#Order 14
24
29
30
33
37
38
39
45
47
51
52
55
60
61
69
70
72
74
81
87
89
90
91
94

#
#Order 15
8
29
32
37
43
45
50
53
56
60
70
72
76
77
80
83
86
91
93
95
96
97

#
#Order 16
19
20
22
25
44
47
50
51
60
68
75
82
86
90
94
95
97

#
#Order 17
0
33
44
46
48
53
54
56
58
60
64
71
74
77
78
88
92
94
95
96
97

#
#Order 18
10
21
24
39
41
44
48
50
52
60
65
72
86
90
92
95
99

#
#Order 19
3
4
20
33
36
37
44
51
55
59
62
67
69
70
72
90
93
94
95
96
97
98

#
#Order 20
26
34
40
43
44
47
50
51
56
57
60
67
76
87
92
93
96
97
99

#
#Order 21
10
20
37
38
46
50
52
54
56
57
60
65
66
72
75
76
83
86
90
92
96

#
#Order 22
13
22
24
33
36
37
38
39
42
44
48
54
56
61
66
70
73
77
86
92

#
#Order 23
16
21
22
37
39
46
48
53
61
63
70
72
73
75
78
81
88
91
98
99

#
#Order 24
3
26
27
30
32
39
43
45
47
54
55
82
84
85
86
90
95

#
#Order 25
13
20
36
43
47
50
52
54
59
67
86
91
93
94

#
#Order 26
16
28
29
48
59
60
62
72
81
83
88
91
92
95
97
98

#
#Order 27
8
17
20
32
39
54
56
60
73
74
75
79
80
82
83
89
90
92
93
95
97
98
99

#
#Order 28
32
34
36
37
40
42
49
55
58
60
72
73
87
94
95
96
97

#
#Order 29
14
20
25
30
37
47
55
58
59
61
64
71
76
77
86
89
90
92
94
95
97
99

#
#Order 30
13
16
29
39
53
54
55
59
60
63
65
83
93
94
96
99

#
#Order 31
20
23
34
50
64
65
83
90
92
93
94
95
96

#
#Order 32
22
23
24
25
44
46
49
57
63
71
81
90
91
92
93
94
97

#
#Order 33
6
12
21
22
24
25
35
36
40
45
47
52
54
56
57
60
61
62
66
67
90
91
95
96
97
98

#
#Order 34
1
5
20
22
24
25
27
30
34
35
36
45
48
54
55
63
69
73
74
76
79
81
94
95
97
99

#
#Order 35
8
14
16
20
28
29
37
44
58
59
64
67
73
74
75
76
86
90
91
94
96
97
98

#
#Order 36
20
32
42
44
45
47
49
50
55
60
63
64
73
78
81
90
92
93
94
95
96
97
98

#
#Order 37
1
15
20
22
28
29
50
52
55
57
60
67
74
86
87
88
91
93
94
95
96

#
#Order 38
10
12
17
27
30
37
42
45
51
52
54
58
61
62
76
83
87
90
91
93
96
97

#
#Order 39
11
17
20
26
30
32
33
38
41
48
58
62
72
73
77
79
81
84
87
88
94
96
97
98
99

#
#Order 40
10
35
40
53
56
57
61
66
67
73
84
86
90
94
96

#
#Order 41
20
27
29
33
35
36
44
51
52
59
64
66
70
72
88
91
92
99

#
#Order 42
1
22
30
41
42
43
50
52
57
59
65
67
68
75
79
89
90
92
93
94
95
96
98

#
#Order 43
13
15
17
22
24
33
44
47
48
52
55
67
77
83
94
95

#
#Order 44
14
19
23
26
37
40
42
46
49
55
59
62
68
69
76
83
87
95
96
97

#
#Order 45
21
23
30
34
38
41
42
44
48
57
67
72
73
76
78
82
86
87
91
92
94
95

#
#Order 46
13
22
25
26
41
59
64
80
88
90
91
94
96

#
#Order 47
0
25
26
29
32
38
40
42
45
51
74
75
76
78
80
90
91
92
93
96
98

#
#Order 48
23
26
29
37
40
41
42
43
50
51
69
77
83
88
90
92
94
95

#
#Order 49
4
30
49
52
56
60
65
70
74
79
83
87
90
91
92
93
94
97

#
#Order 50
20
22
27
32
35
36
37
42
45
49
61
73
76
78
79
80
82
90
93
95
96

#
#Order 51
1
13
24
25
33
36
37
41
44
46
55
67
72
79
85
87
89
90
92
95
97
98

#
#Order 52
25
35
36
40
56
59
62
66
82
93
94
95
97
99

#
#Order 53
22
23
26
29
32
37
39
41
42
49
52
55
57
59
62
73
74
75
77
81
82
87
88
91
94
95
98

#
#Order 54
17
21
23
36
40
42
45
48
57
63
65
79
84
85
92
95
97

#
#Order 55
26
29
39
41
43
60
77
87
88
92
93
94
95
98

#
#Order 56
20
23
25
29
37
43
45
48
69
72
76
77
88
98
99

#
#Order 57
20
26
30
45
51
52
55
59
67
83
86
90
91
93
94
95
96
97
98

#
#Order 58
10
17
23
28
31
34
35
41
44
48
50
51
57
58
66
77
86
87
88
92
96
99

#
#Order 59
20
29
30
37
45
46
51
56
64
75
81
88
91
92
93
95

#
#Order 60
5
12
19
31
32
37
40
43
45
52
54
57
61
70
76
77
92
93
94
98

#
#Order 61
19
32
33
37
41
47
52
55
57
63
67
69
84
91
94
95
97

#
#Order 62
4
19
23
29
30
31
32
36
47
49
52
63
65
67
71
73
83
90
94
97

#
#Order 63
24
32
36
43
44
45
51
52
56
61
65
67
69
72
90
91
92
93
96
97
99

#
#Order 64
16
22
25
30
32
33
35
44
45
46
48
49
55
61
72
77
86
88
93
98

#
#Order 65
17
26
30
33
37
44
47
51
52
57
59
70
73
74
76
77
83
90
92
93
94
96

#
#Order 66
4
20
25
28
31
36
38
40
50
59
65
69
71
74
76
80
90
92
93
94
95
96
97

#
#Order 67
1
35
38
41
46
49
52
55
58
61
68
70
77
78
87
88
94
97

#
#Order 68
20
21
28
36
37
41
56
63
64
74
85
88
91
92
94
96
98

#
#Order 69
16
32
38
41
45
59
64
68
70
92
97

#
#Order 70
16
24
38
39
40
61
63
64
72
84
91
93
95
97

#
#Order 71
3
22
24
25
29
36
41
51
62
65
67
88
90
91
92
93
94
97
99

#
#Order 72
17
19
20
22
23
24
30
36
46
47
50
51
55
59
71
76
81
86
91
93
95
99

#
#Order 73
19
21
22
23
37
38
47
48
52
53
54
60
67
69
81
83
91
92
94
95
97
98
99

#
#Order 74
21
23
27
29
30
38
50
52
55
66
72
77
81
86
95
97
98

#
#Order 75
6
24
36
39
40
43
45
47
50
60
69
75
77
91
92
93
99

#
#Order 76
3
17
21
22
37
41
44
45
46
48
55
58
61
81
85
90
92
96

#
#Order 77
8
14
25
32
41
43
48
51
52
63
67
75
90
92
93
94

#
#Order 78
0
3
14
20
24
40
41
50
60
63
65
90
92
94
95
97
98
99

#
#Order 79
29
32
40
47
48
49
52
57
62
65
70
78
81
90
94
95
96
97
98
99

#
#Order 80
17
20
21
25
36
42
49
52
58
65
76
80
85
88
92
93
95
97

#
#Order 81
8
24
25
27
28
34
36
41
43
51
59
62
65
68
70
87
92
93
94
95
96
98

#
#Order 82
4
10
22
23
25
29
30
33
35
36
39
42
52
61
67
76
89
94
96
97
98

#
#Order 83
23
26
27
31
35
36
42
43
47
49
51
52
58
61
70
72
77
87
89
96
98

#
#Order 84
3
20
23
24
25
39
40
43
45
53
61
64
65
77
93
94
96

#
#Order 85
15
20
27
29
37
38
50
58
59
67
70
72
74
75
80
86
87
90
91
95
97
98

#
#Order 86
4
8
24
26
29
32
36
42
49
50
55
60
63
65
72
75
76
79
90
94
95
96
97

#
#Order 87
22
24
25
27
37
58
59
60
67
72
75
77
78
92
94
96
97

#
#Order 88
16
21
22
25
30
43
44
47
58
59
60
74
76
95
97

#
#Order 89
20
22
24
42
51
55
59
63
64
88
91
97

#
#Order 90
24
25
34
37
39
40
42
50
52
53
54
55
57
60
63
65
74
76
78
80
82
83
85
91
92
95
99

#
#Order 91
21
22
23
25
33
38
41
47
50
51
58
60
64
69
71
74
77
81
88
91
96

#
#Order 92
4
20
21
23
24
32
34
36
37
47
49
57
59
60
62
63
65
67
71
88
90
94
95
96
97
99

#
#Order 93
19
24
37
38
48
55
67
70
73
76
81
91
94
96
97

#
#Order 94
26
41
45
49
58
60
63
69
74
75
76
77
79
80
90
92
93
94
95
97
99

#
#Order 95
21
23
24
29
32
37
43
46
47
48
50
54
59
64
72
73
77
95
97

#
#Order 96
10
20
22
23
26
36
46
48
56
57
63
77
79
81
87
88
90
91
93
94
95
98

#
#Order 97
10
22
29
33
37
39
42
47
48
53
54
58
59
60
63
67
70
74
91
92
93
94
95
97

#
#Order 98
20
21
25
30
37
43
45
50
59
69
76
77
85
87
90
91
95

#
#Order 99
1
16
23
36
40
41
47
51
52
54
61
65
79
96
97

#
#Order 100
24
33
39
40
41
42
44
51
62
66
67
69
71
72
85
87
92
94
95
96
97
98

